Coloque na janela de comandos os comandos que possuem ">>" anterior a eles.

>> x=[-3.11 -2 0 3.15]
x =

  -3.11000  -2.00000   0.00000   3.15000

>> y=4./(e.^(5*(x.^2)))
y =

   3.9752e-21   8.2446e-09   4.0000e+00   1.1366e-21

>> m=4
m =  4

>> z=-1.65
z = -1.6500

>> Polinomio_Lagrange(m,x,y,z)

r =  0.50075
Erro = 0.5007