Coloque na janela de comandos os comandos que possuem ">>" anterior a eles.

>> x=[-3.11 -2.5 2.15]
x =

  -3.1100  -2.5000   2.1500

>> y=4./(e.^(5*(x.^2)))
y =

   3.9752e-21   1.0724e-13   3.6680e-10

>> m=3
m =  3

>> z=1.15
z =  1.1500

>> Polinomio_Lagrange(m,x,y,z)

r =  0.00000000023334
Erro = -0.0054