B = [-3 -24 5 -17; -24 5 -2 4; 5 -2 3 -8; -17 4 -8 1];
vB = [-152; 31; 64; 11];
