E = [3 4; -9 -12];
vE = [1; 4];
