D = [0.01 0.4 0.125 1; 0.4 0.25 2 0.32; 0.125 2 0.5 1.02; 1 0.32 1.02 0.045];
vD = [2.0685; -0.085; 2.4425; 0.1424];
