C = [3 1.5 1 0.75; 1.5 0.75 0.6; 1 0.75 0.6 0.5; 0.75 0.6 0.5 0.43];
vC = [32; 16.2; 10.85; 8.16];
