A = [3.25 1.65 1.083 0.8125; 1.625 1.083 0.8125 0.6500; 1.083 0.8125 0.6500 0.5417; 0.8125 0.6500 0.5417 0.4643];
vA = [3.520; 4.496; 4.008; 3.490];
